Sample	0	1	2	3	4	5	6	7	8	9	10	11	12	13	14	15	16	17	18	19	20	21	22	23
SC_284.raw	(18.0, 1.0)	(19.0, 3.0)	(20.0, 22.0)	(21.0, 121.0)	(22.0, 514.0)	(23.0, 1696.0)	(24.0, 4350.0)	(25.0, 9292.0)	(26.0, 17059.0)	(27.0, 29141.0)	(28.0, 45443.0)	(29.0, 67433.0)	(30.0, 93706.0)	(31.0, 124515.0)	(32.0, 162131.0)	(33.0, 220291.0)	(34.0, 334918.0)	(35.0, 720412.0)	(36.0, 7041446.0)	(37.0, 15702304.0)				
SC_286.raw	(15.0, 2.0)	(16.0, 6.0)	(17.0, 13.0)	(18.0, 64.0)	(19.0, 245.0)	(20.0, 388.0)	(21.0, 630.0)	(22.0, 1874.0)	(23.0, 5024.0)	(24.0, 11787.0)	(25.0, 21574.0)	(26.0, 33729.0)	(27.0, 48404.0)	(28.0, 67343.0)	(29.0, 91278.0)	(30.0, 119481.0)	(31.0, 155014.0)	(32.0, 205720.0)	(33.0, 290459.0)	(34.0, 451132.0)	(35.0, 1084696.0)	(36.0, 11251988.0)	(37.0, 17126776.0)	
SC_287.raw	(15.0, 1.0)	(16.0, 6.0)	(17.0, 13.0)	(18.0, 35.0)	(19.0, 182.0)	(20.0, 337.0)	(21.0, 624.0)	(22.0, 1755.0)	(23.0, 4345.0)	(24.0, 9785.0)	(25.0, 17789.0)	(26.0, 27314.0)	(27.0, 40286.0)	(28.0, 55674.0)	(29.0, 74816.0)	(30.0, 96508.0)	(31.0, 123076.0)	(32.0, 162206.0)	(33.0, 227472.0)	(34.0, 352402.0)	(35.0, 838654.0)	(36.0, 8758069.0)	(37.0, 12789474.0)	
SC_288.raw	(14.0, 1.0)	(15.0, 0.0)	(16.0, 5.0)	(17.0, 12.0)	(18.0, 53.0)	(19.0, 198.0)	(20.0, 373.0)	(21.0, 587.0)	(22.0, 1689.0)	(23.0, 4562.0)	(24.0, 10548.0)	(25.0, 19229.0)	(26.0, 29479.0)	(27.0, 42279.0)	(28.0, 59157.0)	(29.0, 79292.0)	(30.0, 102759.0)	(31.0, 131230.0)	(32.0, 172549.0)	(33.0, 243799.0)	(34.0, 375474.0)	(35.0, 818157.0)	(36.0, 8114615.0)	(37.0, 17048733.0)
SC_290.raw	(17.0, 6.0)	(18.0, 13.0)	(19.0, 56.0)	(20.0, 188.0)	(21.0, 533.0)	(22.0, 1394.0)	(23.0, 3141.0)	(24.0, 7236.0)	(25.0, 13406.0)	(26.0, 21423.0)	(27.0, 31858.0)	(28.0, 45005.0)	(29.0, 61712.0)	(30.0, 81406.0)	(31.0, 106648.0)	(32.0, 140238.0)	(33.0, 192444.0)	(34.0, 282799.0)	(35.0, 584099.0)	(36.0, 8997616.0)	(37.0, 17273690.0)			
SC_292.raw	(14.0, 1.0)	(15.0, 2.0)	(16.0, 2.0)	(17.0, 18.0)	(18.0, 57.0)	(19.0, 211.0)	(20.0, 347.0)	(21.0, 596.0)	(22.0, 1955.0)	(23.0, 4827.0)	(24.0, 10609.0)	(25.0, 19708.0)	(26.0, 29958.0)	(27.0, 43222.0)	(28.0, 59418.0)	(29.0, 80299.0)	(30.0, 104747.0)	(31.0, 134833.0)	(32.0, 178606.0)	(33.0, 250967.0)	(34.0, 385268.0)	(35.0, 855451.0)	(36.0, 8572632.0)	(37.0, 16988859.0)
SC_293.raw	(14.0, 1.0)	(15.0, 0.0)	(16.0, 4.0)	(17.0, 13.0)	(18.0, 33.0)	(19.0, 167.0)	(20.0, 271.0)	(21.0, 433.0)	(22.0, 1363.0)	(23.0, 3694.0)	(24.0, 8350.0)	(25.0, 15654.0)	(26.0, 24999.0)	(27.0, 36369.0)	(28.0, 51275.0)	(29.0, 69983.0)	(30.0, 91124.0)	(31.0, 117682.0)	(32.0, 158028.0)	(33.0, 223200.0)	(34.0, 352667.0)	(35.0, 845365.0)	(36.0, 8948547.0)	(37.0, 12894855.0)
SC_294.raw	(15.0, 3.0)	(16.0, 5.0)	(17.0, 10.0)	(18.0, 56.0)	(19.0, 233.0)	(20.0, 355.0)	(21.0, 596.0)	(22.0, 1743.0)	(23.0, 4414.0)	(24.0, 9843.0)	(25.0, 18389.0)	(26.0, 30477.0)	(27.0, 46391.0)	(28.0, 67801.0)	(29.0, 93907.0)	(30.0, 123926.0)	(31.0, 161799.0)	(32.0, 218266.0)	(33.0, 296371.0)	(34.0, 470777.0)	(35.0, 981787.0)	(36.0, 10690411.0)	(37.0, 15991107.0)	
SC_296.raw	(16.0, 3.0)	(17.0, 5.0)	(18.0, 41.0)	(19.0, 162.0)	(20.0, 268.0)	(21.0, 282.0)	(22.0, 870.0)	(23.0, 2172.0)	(24.0, 5211.0)	(25.0, 10227.0)	(26.0, 17463.0)	(27.0, 27312.0)	(28.0, 41003.0)	(29.0, 58038.0)	(30.0, 76448.0)	(31.0, 100416.0)	(32.0, 133901.0)	(33.0, 190043.0)	(34.0, 293939.0)	(35.0, 652451.0)	(36.0, 6429356.0)	(37.0, 12739123.0)		
SC_298.raw	(14.0, 1.0)	(15.0, 5.0)	(16.0, 6.0)	(17.0, 25.0)	(18.0, 71.0)	(19.0, 313.0)	(20.0, 521.0)	(21.0, 950.0)	(22.0, 2858.0)	(23.0, 7577.0)	(24.0, 16914.0)	(25.0, 31253.0)	(26.0, 48125.0)	(27.0, 65794.0)	(28.0, 87534.0)	(29.0, 112823.0)	(30.0, 146237.0)	(31.0, 186966.0)	(32.0, 246724.0)	(33.0, 339382.0)	(34.0, 518712.0)	(35.0, 1223358.0)	(36.0, 12645029.0)	(37.0, 20056284.0)
SC_301.raw	(18.0, 1.0)	(19.0, 20.0)	(20.0, 93.0)	(21.0, 380.0)	(22.0, 1430.0)	(23.0, 3699.0)	(24.0, 7922.0)	(25.0, 14859.0)	(26.0, 24682.0)	(27.0, 38407.0)	(28.0, 57759.0)	(29.0, 82523.0)	(30.0, 110047.0)	(31.0, 139023.0)	(32.0, 175818.0)	(33.0, 233656.0)	(34.0, 351951.0)	(35.0, 783500.0)	(36.0, 9089716.0)	(37.0, 15518509.0)				
SC_303.raw	(14.0, 2.0)	(15.0, 1.0)	(16.0, 4.0)	(17.0, 9.0)	(18.0, 62.0)	(19.0, 174.0)	(20.0, 280.0)	(21.0, 374.0)	(22.0, 1190.0)	(23.0, 3141.0)	(24.0, 7336.0)	(25.0, 14190.0)	(26.0, 23178.0)	(27.0, 35259.0)	(28.0, 51409.0)	(29.0, 71630.0)	(30.0, 95574.0)	(31.0, 125133.0)	(32.0, 167893.0)	(33.0, 241279.0)	(34.0, 387424.0)	(35.0, 1071295.0)	(36.0, 10680947.0)	(37.0, 11899298.0)
SC_307.raw	(15.0, 3.0)	(16.0, 6.0)	(17.0, 14.0)	(18.0, 47.0)	(19.0, 201.0)	(20.0, 378.0)	(21.0, 698.0)	(22.0, 2123.0)	(23.0, 5174.0)	(24.0, 11445.0)	(25.0, 20542.0)	(26.0, 31293.0)	(27.0, 44104.0)	(28.0, 60433.0)	(29.0, 79681.0)	(30.0, 102787.0)	(31.0, 129616.0)	(32.0, 171092.0)	(33.0, 238645.0)	(34.0, 364539.0)	(35.0, 814510.0)	(36.0, 8575952.0)	(37.0, 15393932.0)	
SC_309.raw	(18.0, 1.0)	(19.0, 12.0)	(20.0, 63.0)	(21.0, 365.0)	(22.0, 1534.0)	(23.0, 4612.0)	(24.0, 10983.0)	(25.0, 21569.0)	(26.0, 34857.0)	(27.0, 47719.0)	(28.0, 62300.0)	(29.0, 78483.0)	(30.0, 99526.0)	(31.0, 124952.0)	(32.0, 156113.0)	(33.0, 206181.0)	(34.0, 306729.0)	(35.0, 673396.0)	(36.0, 7691834.0)	(37.0, 14131217.0)				
SC_312.raw	(17.0, 1.0)	(18.0, 7.0)	(19.0, 33.0)	(20.0, 110.0)	(21.0, 336.0)	(22.0, 928.0)	(23.0, 2372.0)	(24.0, 5602.0)	(25.0, 10761.0)	(26.0, 17336.0)	(27.0, 26071.0)	(28.0, 37554.0)	(29.0, 51868.0)	(30.0, 68321.0)	(31.0, 88070.0)	(32.0, 117878.0)	(33.0, 164083.0)	(34.0, 242966.0)	(35.0, 488903.0)	(36.0, 7658495.0)	(37.0, 16112090.0)			
SC_313.raw	(17.0, 1.0)	(18.0, 3.0)	(19.0, 26.0)	(20.0, 98.0)	(21.0, 288.0)	(22.0, 793.0)	(23.0, 2059.0)	(24.0, 4678.0)	(25.0, 9113.0)	(26.0, 15645.0)	(27.0, 25198.0)	(28.0, 38403.0)	(29.0, 55344.0)	(30.0, 74713.0)	(31.0, 97740.0)	(32.0, 130126.0)	(33.0, 182347.0)	(34.0, 271730.0)	(35.0, 565739.0)	(36.0, 9411502.0)	(37.0, 16698297.0)			
SC_314.raw	(15.0, 1.0)	(16.0, 2.0)	(17.0, 16.0)	(18.0, 54.0)	(19.0, 196.0)	(20.0, 305.0)	(21.0, 642.0)	(22.0, 1924.0)	(23.0, 5268.0)	(24.0, 12071.0)	(25.0, 21677.0)	(26.0, 32400.0)	(27.0, 43186.0)	(28.0, 56793.0)	(29.0, 73024.0)	(30.0, 93494.0)	(31.0, 120283.0)	(32.0, 159432.0)	(33.0, 223232.0)	(34.0, 350817.0)	(35.0, 907331.0)	(36.0, 9611520.0)	(37.0, 10580592.0)	
SC_315.raw	(14.0, 1.0)	(15.0, 1.0)	(16.0, 4.0)	(17.0, 12.0)	(18.0, 55.0)	(19.0, 188.0)	(20.0, 255.0)	(21.0, 340.0)	(22.0, 843.0)	(23.0, 2253.0)	(24.0, 5590.0)	(25.0, 11165.0)	(26.0, 19433.0)	(27.0, 31191.0)	(28.0, 48016.0)	(29.0, 69385.0)	(30.0, 93406.0)	(31.0, 122083.0)	(32.0, 167119.0)	(33.0, 242640.0)	(34.0, 397444.0)	(35.0, 1131726.0)	(36.0, 11319333.0)	(37.0, 11491764.0)
SC_318.raw	(16.0, 4.0)	(17.0, 7.0)	(18.0, 47.0)	(19.0, 188.0)	(20.0, 342.0)	(21.0, 562.0)	(22.0, 1493.0)	(23.0, 3693.0)	(24.0, 8505.0)	(25.0, 15194.0)	(26.0, 24242.0)	(27.0, 36650.0)	(28.0, 53183.0)	(29.0, 72709.0)	(30.0, 93724.0)	(31.0, 120541.0)	(32.0, 160197.0)	(33.0, 226710.0)	(34.0, 344547.0)	(35.0, 752073.0)	(36.0, 7926572.0)	(37.0, 15557381.0)		
SC_319.raw	(16.0, 3.0)	(17.0, 9.0)	(18.0, 33.0)	(19.0, 155.0)	(20.0, 225.0)	(21.0, 409.0)	(22.0, 1085.0)	(23.0, 2793.0)	(24.0, 6244.0)	(25.0, 11610.0)	(26.0, 18862.0)	(27.0, 28771.0)	(28.0, 42094.0)	(29.0, 58219.0)	(30.0, 76105.0)	(31.0, 97893.0)	(32.0, 128594.0)	(33.0, 179153.0)	(34.0, 273628.0)	(35.0, 614643.0)	(36.0, 6346506.0)	(37.0, 11236299.0)		
SC_321.raw	(17.0, 1.0)	(18.0, 12.0)	(19.0, 23.0)	(20.0, 87.0)	(21.0, 299.0)	(22.0, 867.0)	(23.0, 2143.0)	(24.0, 4819.0)	(25.0, 9245.0)	(26.0, 15380.0)	(27.0, 23560.0)	(28.0, 34845.0)	(29.0, 49064.0)	(30.0, 65030.0)	(31.0, 84720.0)	(32.0, 112442.0)	(33.0, 156294.0)	(34.0, 229083.0)	(35.0, 448357.0)	(36.0, 6839056.0)	(37.0, 15845329.0)			
SC_325.raw	(15.0, 1.0)	(16.0, 0.0)	(17.0, 2.0)	(18.0, 7.0)	(19.0, 33.0)	(20.0, 95.0)	(21.0, 334.0)	(22.0, 934.0)	(23.0, 2258.0)	(24.0, 5060.0)	(25.0, 9493.0)	(26.0, 15427.0)	(27.0, 23516.0)	(28.0, 34293.0)	(29.0, 48436.0)	(30.0, 63942.0)	(31.0, 83762.0)	(32.0, 111712.0)	(33.0, 157357.0)	(34.0, 236109.0)	(35.0, 516458.0)	(36.0, 9213076.0)	(37.0, 13054569.0)	
SC_330.raw	(16.0, 1.0)	(17.0, 2.0)	(18.0, 7.0)	(19.0, 28.0)	(20.0, 96.0)	(21.0, 367.0)	(22.0, 1053.0)	(23.0, 2631.0)	(24.0, 5725.0)	(25.0, 10711.0)	(26.0, 17086.0)	(27.0, 24757.0)	(28.0, 35120.0)	(29.0, 47706.0)	(30.0, 62752.0)	(31.0, 81426.0)	(32.0, 108550.0)	(33.0, 149869.0)	(34.0, 221251.0)	(35.0, 461253.0)	(36.0, 7787721.0)	(37.0, 13502403.0)		
SC_331.raw	(16.0, 2.0)	(17.0, 3.0)	(18.0, 12.0)	(19.0, 55.0)	(20.0, 185.0)	(21.0, 490.0)	(22.0, 1374.0)	(23.0, 3252.0)	(24.0, 7468.0)	(25.0, 13139.0)	(26.0, 20660.0)	(27.0, 29723.0)	(28.0, 41691.0)	(29.0, 55900.0)	(30.0, 73474.0)	(31.0, 94701.0)	(32.0, 123698.0)	(33.0, 168819.0)	(34.0, 248305.0)	(35.0, 572292.0)	(36.0, 8816705.0)	(37.0, 14925537.0)		
