Sample	0	1	2	3	4	5	6	7	8	9	10	11	12	13	14	15	16	17
SC_284	(21.0, 1.0)	(22.0, 36.0)	(23.0, 570.0)	(24.0, 3379.0)	(25.0, 9918.0)	(26.0, 17886.0)	(27.0, 34426.0)	(28.0, 48590.0)	(29.0, 69286.0)	(30.0, 104254.0)	(31.0, 134421.0)	(32.0, 177052.0)	(33.0, 239521.0)	(34.0, 410278.0)	(35.0, 1212687.0)	(36.0, 4345035.0)	(37.0, 17646740.0)		
SC_286	(20.0, 1.0)	(21.0, 2.0)	(22.0, 74.0)	(23.0, 1521.0)	(24.0, 7759.0)	(25.0, 18551.0)	(26.0, 30994.0)	(27.0, 53776.0)	(28.0, 72762.0)	(29.0, 100052.0)	(30.0, 154806.0)	(31.0, 210457.0)	(32.0, 252187.0)	(33.0, 381494.0)	(34.0, 720523.0)	(35.0, 3214070.0)	(36.0, 6080235.0)	(37.0, 19537757.0)	
SC_287	(20.0, 1.0)	(21.0, 5.0)	(22.0, 74.0)	(23.0, 1089.0)	(24.0, 5764.0)	(25.0, 13732.0)	(26.0, 23757.0)	(27.0, 41954.0)	(28.0, 56405.0)	(29.0, 77766.0)	(30.0, 117833.0)	(31.0, 157254.0)	(32.0, 189254.0)	(33.0, 272629.0)	(34.0, 480736.0)	(35.0, 1710843.0)	(36.0, 4106908.0)	(37.0, 15960017.0)	
SC_288	(21.0, 3.0)	(22.0, 54.0)	(23.0, 1283.0)	(24.0, 6431.0)	(25.0, 14621.0)	(26.0, 25653.0)	(27.0, 45410.0)	(28.0, 61442.0)	(29.0, 80826.0)	(30.0, 132559.0)	(31.0, 181250.0)	(32.0, 200820.0)	(33.0, 302247.0)	(34.0, 534355.0)	(35.0, 1788004.0)	(36.0, 3795614.0)	(37.0, 19695020.0)		
SC_290	(20.0, 7.0)	(21.0, 128.0)	(22.0, 564.0)	(23.0, 2135.0)	(24.0, 6011.0)	(25.0, 13278.0)	(26.0, 22838.0)	(27.0, 37817.0)	(28.0, 50378.0)	(29.0, 70020.0)	(30.0, 101015.0)	(31.0, 131971.0)	(32.0, 162192.0)	(33.0, 222450.0)	(34.0, 361708.0)	(35.0, 1515674.0)	(36.0, 5637749.0)	(37.0, 19366156.0)	
SC_292	(21.0, 5.0)	(22.0, 83.0)	(23.0, 1363.0)	(24.0, 6880.0)	(25.0, 15743.0)	(26.0, 26802.0)	(27.0, 46754.0)	(28.0, 62650.0)	(29.0, 84736.0)	(30.0, 134342.0)	(31.0, 184548.0)	(32.0, 211167.0)	(33.0, 317906.0)	(34.0, 562348.0)	(35.0, 2001013.0)	(36.0, 4035304.0)	(37.0, 19545185.0)		
SC_293	(21.0, 2.0)	(22.0, 74.0)	(23.0, 1236.0)	(24.0, 5908.0)	(25.0, 13627.0)	(26.0, 23480.0)	(27.0, 41352.0)	(28.0, 54984.0)	(29.0, 74660.0)	(30.0, 118562.0)	(31.0, 162656.0)	(32.0, 189104.0)	(33.0, 288909.0)	(34.0, 541969.0)	(35.0, 2117560.0)	(36.0, 3992153.0)	(37.0, 15871263.0)		
SC_294	(20.0, 2.0)	(21.0, 4.0)	(22.0, 88.0)	(23.0, 1231.0)	(24.0, 6546.0)	(25.0, 15453.0)	(26.0, 27869.0)	(27.0, 48163.0)	(28.0, 66773.0)	(29.0, 94099.0)	(30.0, 136034.0)	(31.0, 183604.0)	(32.0, 222386.0)	(33.0, 316776.0)	(34.0, 530428.0)	(35.0, 2023973.0)	(36.0, 4609555.0)	(37.0, 18043127.0)	
SC_296	(21.0, 2.0)	(22.0, 51.0)	(23.0, 621.0)	(24.0, 3521.0)	(25.0, 8977.0)	(26.0, 16280.0)	(27.0, 32077.0)	(28.0, 45613.0)	(29.0, 62837.0)	(30.0, 101230.0)	(31.0, 136515.0)	(32.0, 161752.0)	(33.0, 237918.0)	(34.0, 430905.0)	(35.0, 1509863.0)	(36.0, 3675949.0)	(37.0, 14269873.0)		
SC_298	(21.0, 5.0)	(22.0, 136.0)	(23.0, 2498.0)	(24.0, 11906.0)	(25.0, 28335.0)	(26.0, 46848.0)	(27.0, 74790.0)	(28.0, 95032.0)	(29.0, 123921.0)	(30.0, 182884.0)	(31.0, 237364.0)	(32.0, 289906.0)	(33.0, 419474.0)	(34.0, 791495.0)	(35.0, 3243449.0)	(36.0, 7081751.0)	(37.0, 22840522.0)		
SC_301	(21.0, 1.0)	(22.0, 55.0)	(23.0, 928.0)	(24.0, 4710.0)	(25.0, 10696.0)	(26.0, 19185.0)	(27.0, 35231.0)	(28.0, 49499.0)	(29.0, 64388.0)	(30.0, 103726.0)	(31.0, 146405.0)	(32.0, 163688.0)	(33.0, 242680.0)	(34.0, 419859.0)	(35.0, 1313134.0)	(36.0, 3128718.0)	(37.0, 20704976.0)		
SC_303	(21.0, 1.0)	(22.0, 64.0)	(23.0, 968.0)	(24.0, 5329.0)	(25.0, 12821.0)	(26.0, 23213.0)	(27.0, 42608.0)	(28.0, 59026.0)	(29.0, 83251.0)	(30.0, 127763.0)	(31.0, 177569.0)	(32.0, 224058.0)	(33.0, 369732.0)	(34.0, 782097.0)	(35.0, 4612821.0)	(36.0, 4459604.0)	(37.0, 13639325.0)		
SC_307	(21.0, 3.0)	(22.0, 60.0)	(23.0, 1511.0)	(24.0, 7385.0)	(25.0, 16448.0)	(26.0, 27024.0)	(27.0, 46360.0)	(28.0, 61044.0)	(29.0, 81192.0)	(30.0, 127771.0)	(31.0, 173183.0)	(32.0, 195905.0)	(33.0, 289939.0)	(34.0, 505917.0)	(35.0, 1781294.0)	(36.0, 4264701.0)	(37.0, 18304817.0)		
SC_309	(21.0, 3.0)	(22.0, 74.0)	(23.0, 1742.0)	(24.0, 9163.0)	(25.0, 21248.0)	(26.0, 35492.0)	(27.0, 53268.0)	(28.0, 63869.0)	(29.0, 74152.0)	(30.0, 103006.0)	(31.0, 136478.0)	(32.0, 159440.0)	(33.0, 237210.0)	(34.0, 444160.0)	(35.0, 2247191.0)	(36.0, 3773531.0)	(37.0, 16013585.0)		
SC_312	(19.0, 1.0)	(20.0, 4.0)	(21.0, 69.0)	(22.0, 379.0)	(23.0, 1646.0)	(24.0, 4510.0)	(25.0, 9672.0)	(26.0, 17395.0)	(27.0, 30042.0)	(28.0, 41119.0)	(29.0, 58586.0)	(30.0, 88538.0)	(31.0, 119159.0)	(32.0, 137806.0)	(33.0, 196271.0)	(34.0, 331967.0)	(35.0, 1550836.0)	(36.0, 4311137.0)	(37.0, 17970565.0)
SC_313	(20.0, 4.0)	(21.0, 68.0)	(22.0, 366.0)	(23.0, 1511.0)	(24.0, 4281.0)	(25.0, 9131.0)	(26.0, 16965.0)	(27.0, 31257.0)	(28.0, 44274.0)	(29.0, 62590.0)	(30.0, 96980.0)	(31.0, 130208.0)	(32.0, 153208.0)	(33.0, 221203.0)	(34.0, 382988.0)	(35.0, 2067795.0)	(36.0, 5845430.0)	(37.0, 18371907.0)	
SC_314	(21.0, 3.0)	(22.0, 79.0)	(23.0, 1764.0)	(24.0, 8450.0)	(25.0, 19299.0)	(26.0, 31374.0)	(27.0, 48957.0)	(28.0, 61895.0)	(29.0, 83165.0)	(30.0, 118909.0)	(31.0, 158963.0)	(32.0, 197568.0)	(33.0, 304679.0)	(34.0, 561540.0)	(35.0, 2955082.0)	(36.0, 4632527.0)	(37.0, 12912345.0)		
SC_315	(21.0, 3.0)	(22.0, 40.0)	(23.0, 692.0)	(24.0, 3787.0)	(25.0, 10152.0)	(26.0, 19223.0)	(27.0, 38693.0)	(28.0, 55751.0)	(29.0, 80825.0)	(30.0, 127788.0)	(31.0, 179358.0)	(32.0, 223641.0)	(33.0, 374652.0)	(34.0, 866850.0)	(35.0, 5249018.0)	(36.0, 4611096.0)	(37.0, 13115045.0)		
SC_318	(21.0, 1.0)	(22.0, 52.0)	(23.0, 852.0)	(24.0, 4689.0)	(25.0, 10962.0)	(26.0, 20221.0)	(27.0, 38849.0)	(28.0, 55405.0)	(29.0, 74015.0)	(30.0, 119963.0)	(31.0, 165164.0)	(32.0, 181584.0)	(33.0, 275903.0)	(34.0, 486604.0)	(35.0, 1715837.0)	(36.0, 3954820.0)	(37.0, 18080341.0)		
SC_319	(21.0, 3.0)	(22.0, 32.0)	(23.0, 648.0)	(24.0, 3618.0)	(25.0, 9012.0)	(26.0, 16424.0)	(27.0, 30435.0)	(28.0, 43594.0)	(29.0, 61160.0)	(30.0, 92792.0)	(31.0, 124977.0)	(32.0, 147894.0)	(33.0, 213528.0)	(34.0, 361082.0)	(35.0, 1241083.0)	(36.0, 3122750.0)	(37.0, 13328635.0)		
SC_321	(20.0, 3.0)	(21.0, 58.0)	(22.0, 333.0)	(23.0, 1407.0)	(24.0, 4085.0)	(25.0, 8786.0)	(26.0, 15586.0)	(27.0, 27648.0)	(28.0, 38188.0)	(29.0, 55378.0)	(30.0, 82446.0)	(31.0, 110979.0)	(32.0, 131463.0)	(33.0, 182976.0)	(34.0, 300793.0)	(35.0, 1296786.0)	(36.0, 4084522.0)	(37.0, 17337772.0)	
SC_325	(20.0, 1.0)	(21.0, 86.0)	(22.0, 340.0)	(23.0, 1480.0)	(24.0, 4057.0)	(25.0, 8659.0)	(26.0, 15743.0)	(27.0, 27974.0)	(28.0, 38349.0)	(29.0, 56370.0)	(30.0, 82952.0)	(31.0, 112831.0)	(32.0, 136466.0)	(33.0, 197575.0)	(34.0, 366996.0)	(35.0, 2997347.0)	(36.0, 4674662.0)	(37.0, 14547096.0)	
SC_330	(20.0, 8.0)	(21.0, 72.0)	(22.0, 347.0)	(23.0, 1598.0)	(24.0, 4686.0)	(25.0, 9979.0)	(26.0, 17027.0)	(27.0, 28505.0)	(28.0, 38355.0)	(29.0, 53950.0)	(30.0, 78971.0)	(31.0, 106209.0)	(32.0, 127369.0)	(33.0, 179562.0)	(34.0, 312254.0)	(35.0, 2018391.0)	(36.0, 4147747.0)	(37.0, 14946242.0)	
SC_331	(19.0, 1.0)	(20.0, 4.0)	(21.0, 63.0)	(22.0, 380.0)	(23.0, 1892.0)	(24.0, 5577.0)	(25.0, 11949.0)	(26.0, 19787.0)	(27.0, 33191.0)	(28.0, 44348.0)	(29.0, 61346.0)	(30.0, 88248.0)	(31.0, 114605.0)	(32.0, 140914.0)	(33.0, 196592.0)	(34.0, 363534.0)	(35.0, 1838177.0)	(36.0, 4860625.0)	(37.0, 17059736.0)
SC_334	(20.0, 4.0)	(21.0, 72.0)	(22.0, 401.0)	(23.0, 1806.0)	(24.0, 4889.0)	(25.0, 10460.0)	(26.0, 18731.0)	(27.0, 32573.0)	(28.0, 46269.0)	(29.0, 66572.0)	(30.0, 98929.0)	(31.0, 131799.0)	(32.0, 159641.0)	(33.0, 223719.0)	(34.0, 363612.0)	(35.0, 1466944.0)	(36.0, 5438162.0)	(37.0, 19908936.0)	
SC_337	(20.0, 1.0)	(21.0, 35.0)	(22.0, 129.0)	(23.0, 754.0)	(24.0, 3172.0)	(25.0, 8159.0)	(26.0, 14523.0)	(27.0, 27718.0)	(28.0, 39559.0)	(29.0, 55927.0)	(30.0, 90309.0)	(31.0, 122175.0)	(32.0, 142783.0)	(33.0, 203270.0)	(34.0, 332782.0)	(35.0, 1089937.0)	(36.0, 3010838.0)	(37.0, 11089536.0)	
SC_340	(21.0, 61.0)	(22.0, 217.0)	(23.0, 1382.0)	(24.0, 5118.0)	(25.0, 11987.0)	(26.0, 20454.0)	(27.0, 38478.0)	(28.0, 54466.0)	(29.0, 79777.0)	(30.0, 125767.0)	(31.0, 173334.0)	(32.0, 229100.0)	(33.0, 385073.0)	(34.0, 1044725.0)	(35.0, 4591708.0)	(36.0, 6421623.0)	(37.0, 12910485.0)		
SC_343	(20.0, 1.0)	(21.0, 17.0)	(22.0, 46.0)	(23.0, 443.0)	(24.0, 2183.0)	(25.0, 7160.0)	(26.0, 13284.0)	(27.0, 27741.0)	(28.0, 42140.0)	(29.0, 61553.0)	(30.0, 94756.0)	(31.0, 123739.0)	(32.0, 163947.0)	(33.0, 230179.0)	(34.0, 387791.0)	(35.0, 1222076.0)	(36.0, 3856969.0)	(37.0, 13972895.0)	
SC_344	(19.0, 1.0)	(20.0, 4.0)	(21.0, 51.0)	(22.0, 224.0)	(23.0, 1186.0)	(24.0, 4364.0)	(25.0, 10266.0)	(26.0, 17270.0)	(27.0, 31949.0)	(28.0, 45397.0)	(29.0, 65715.0)	(30.0, 101385.0)	(31.0, 137479.0)	(32.0, 166866.0)	(33.0, 242722.0)	(34.0, 416954.0)	(35.0, 1540918.0)	(36.0, 4178177.0)	(37.0, 15496008.0)
SC_345	(21.0, 2.0)	(22.0, 7.0)	(23.0, 90.0)	(24.0, 407.0)	(25.0, 1040.0)	(26.0, 2281.0)	(27.0, 4610.0)	(28.0, 6844.0)	(29.0, 9544.0)	(30.0, 15250.0)	(31.0, 21457.0)	(32.0, 24447.0)	(33.0, 36635.0)	(34.0, 68083.0)	(35.0, 407010.0)	(36.0, 1025528.0)	(37.0, 3877933.0)		
SC_346	(22.0, 3.0)	(23.0, 32.0)	(24.0, 157.0)	(25.0, 435.0)	(26.0, 828.0)	(27.0, 1516.0)	(28.0, 2104.0)	(29.0, 2833.0)	(30.0, 4268.0)	(31.0, 5841.0)	(32.0, 6924.0)	(33.0, 9695.0)	(34.0, 17925.0)	(35.0, 94459.0)	(36.0, 266969.0)	(37.0, 1100218.0)			
SC_350	(20.0, 3.0)	(21.0, 72.0)	(22.0, 273.0)	(23.0, 1190.0)	(24.0, 3837.0)	(25.0, 9983.0)	(26.0, 17005.0)	(27.0, 31516.0)	(28.0, 45131.0)	(29.0, 66265.0)	(30.0, 100291.0)	(31.0, 129621.0)	(32.0, 171833.0)	(33.0, 236893.0)	(34.0, 388252.0)	(35.0, 1292116.0)	(36.0, 4693028.0)	(37.0, 14051053.0)	
SC_359	(20.0, 2.0)	(21.0, 31.0)	(22.0, 215.0)	(23.0, 1495.0)	(24.0, 5909.0)	(25.0, 12703.0)	(26.0, 22813.0)	(27.0, 41514.0)	(28.0, 57598.0)	(29.0, 87168.0)	(30.0, 138787.0)	(31.0, 198678.0)	(32.0, 240496.0)	(33.0, 349568.0)	(34.0, 607158.0)	(35.0, 2044200.0)	(36.0, 4854283.0)	(37.0, 25298228.0)	
SC_360	(19.0, 1.0)	(20.0, 3.0)	(21.0, 80.0)	(22.0, 430.0)	(23.0, 1698.0)	(24.0, 5761.0)	(25.0, 13510.0)	(26.0, 22402.0)	(27.0, 40386.0)	(28.0, 57423.0)	(29.0, 82821.0)	(30.0, 126828.0)	(31.0, 169790.0)	(32.0, 215223.0)	(33.0, 312881.0)	(34.0, 542639.0)	(35.0, 2314612.0)	(36.0, 5812328.0)	(37.0, 18068795.0)
SC_363	(19.0, 1.0)	(20.0, 7.0)	(21.0, 50.0)	(22.0, 261.0)	(23.0, 1432.0)	(24.0, 5069.0)	(25.0, 11264.0)	(26.0, 19814.0)	(27.0, 35581.0)	(28.0, 50048.0)	(29.0, 71806.0)	(30.0, 110356.0)	(31.0, 153039.0)	(32.0, 181686.0)	(33.0, 270299.0)	(34.0, 462614.0)	(35.0, 1650414.0)	(36.0, 4541263.0)	(37.0, 16969057.0)
SC_366	(21.0, 8.0)	(22.0, 46.0)	(23.0, 498.0)	(24.0, 2663.0)	(25.0, 7303.0)	(26.0, 13325.0)	(27.0, 25691.0)	(28.0, 39139.0)	(29.0, 60227.0)	(30.0, 94218.0)	(31.0, 134464.0)	(32.0, 168357.0)	(33.0, 248072.0)	(34.0, 413020.0)	(35.0, 1453688.0)	(36.0, 4196454.0)	(37.0, 14317058.0)		
SC_371	(20.0, 1.0)	(21.0, 6.0)	(22.0, 62.0)	(23.0, 584.0)	(24.0, 3157.0)	(25.0, 8886.0)	(26.0, 17226.0)	(27.0, 33199.0)	(28.0, 50812.0)	(29.0, 80378.0)	(30.0, 119765.0)	(31.0, 169284.0)	(32.0, 218344.0)	(33.0, 321750.0)	(34.0, 555940.0)	(35.0, 2119521.0)	(36.0, 6076866.0)	(37.0, 16421271.0)	
SC_372	(21.0, 1.0)	(22.0, 7.0)	(23.0, 46.0)	(24.0, 201.0)	(25.0, 608.0)	(26.0, 1306.0)	(27.0, 2395.0)	(28.0, 3536.0)	(29.0, 5468.0)	(30.0, 8106.0)	(31.0, 10844.0)	(32.0, 13803.0)	(33.0, 19200.0)	(34.0, 31190.0)	(35.0, 141314.0)	(36.0, 596995.0)	(37.0, 2125379.0)		
SC_373	(21.0, 11.0)	(22.0, 82.0)	(23.0, 753.0)	(24.0, 4037.0)	(25.0, 11626.0)	(26.0, 20526.0)	(27.0, 39310.0)	(28.0, 59104.0)	(29.0, 90740.0)	(30.0, 139035.0)	(31.0, 191440.0)	(32.0, 250127.0)	(33.0, 359572.0)	(34.0, 607531.0)	(35.0, 2447340.0)	(36.0, 6672447.0)	(37.0, 19412485.0)		
SC_375	(21.0, 8.0)	(22.0, 73.0)	(23.0, 772.0)	(24.0, 3822.0)	(25.0, 10302.0)	(26.0, 18421.0)	(27.0, 34947.0)	(28.0, 51923.0)	(29.0, 76071.0)	(30.0, 121081.0)	(31.0, 168959.0)	(32.0, 212966.0)	(33.0, 307320.0)	(34.0, 522380.0)	(35.0, 1978810.0)	(36.0, 4792389.0)	(37.0, 19029868.0)		
SC_380	(21.0, 8.0)	(22.0, 80.0)	(23.0, 672.0)	(24.0, 3489.0)	(25.0, 8815.0)	(26.0, 15434.0)	(27.0, 29732.0)	(28.0, 43050.0)	(29.0, 62472.0)	(30.0, 103472.0)	(31.0, 147816.0)	(32.0, 179138.0)	(33.0, 279169.0)	(34.0, 547958.0)	(35.0, 2501908.0)	(36.0, 4939950.0)	(37.0, 16539054.0)		
SC_387	(21.0, 4.0)	(22.0, 56.0)	(23.0, 915.0)	(24.0, 4421.0)	(25.0, 11998.0)	(26.0, 19513.0)	(27.0, 37168.0)	(28.0, 54988.0)	(29.0, 78175.0)	(30.0, 121056.0)	(31.0, 163063.0)	(32.0, 206538.0)	(33.0, 293241.0)	(34.0, 479997.0)	(35.0, 1616137.0)	(36.0, 5560208.0)	(37.0, 19927454.0)		
SC_390	(21.0, 12.0)	(22.0, 66.0)	(23.0, 850.0)	(24.0, 3928.0)	(25.0, 10123.0)	(26.0, 16498.0)	(27.0, 31108.0)	(28.0, 45420.0)	(29.0, 63350.0)	(30.0, 98943.0)	(31.0, 130753.0)	(32.0, 167732.0)	(33.0, 235874.0)	(34.0, 380894.0)	(35.0, 1295952.0)	(36.0, 4029858.0)	(37.0, 16952350.0)		
SC_394	(21.0, 12.0)	(22.0, 62.0)	(23.0, 839.0)	(24.0, 3907.0)	(25.0, 9596.0)	(26.0, 16517.0)	(27.0, 31995.0)	(28.0, 47168.0)	(29.0, 66524.0)	(30.0, 111446.0)	(31.0, 159984.0)	(32.0, 193207.0)	(33.0, 289202.0)	(34.0, 505260.0)	(35.0, 1805276.0)	(36.0, 4379873.0)	(37.0, 19800976.0)		
SC_398	(21.0, 10.0)	(22.0, 69.0)	(23.0, 860.0)	(24.0, 4587.0)	(25.0, 12323.0)	(26.0, 21975.0)	(27.0, 42099.0)	(28.0, 62011.0)	(29.0, 91773.0)	(30.0, 149383.0)	(31.0, 213697.0)	(32.0, 277147.0)	(33.0, 441659.0)	(34.0, 989165.0)	(35.0, 5863327.0)	(36.0, 6158046.0)	(37.0, 18722214.0)		
SC_400	(19.0, 1.0)	(20.0, 0.0)	(21.0, 7.0)	(22.0, 72.0)	(23.0, 844.0)	(24.0, 4507.0)	(25.0, 11969.0)	(26.0, 21447.0)	(27.0, 39621.0)	(28.0, 57002.0)	(29.0, 84155.0)	(30.0, 131232.0)	(31.0, 181198.0)	(32.0, 229108.0)	(33.0, 329196.0)	(34.0, 558010.0)	(35.0, 2036952.0)	(36.0, 5456165.0)	(37.0, 19842296.0)
SC_403	(21.0, 7.0)	(22.0, 61.0)	(23.0, 915.0)	(24.0, 4810.0)	(25.0, 11939.0)	(26.0, 20275.0)	(27.0, 36308.0)	(28.0, 49700.0)	(29.0, 71471.0)	(30.0, 111703.0)	(31.0, 157592.0)	(32.0, 197679.0)	(33.0, 299641.0)	(34.0, 578887.0)	(35.0, 2695815.0)	(36.0, 4865652.0)	(37.0, 16165184.0)		
SC_408	(21.0, 1.0)	(22.0, 18.0)	(23.0, 398.0)	(24.0, 2137.0)	(25.0, 5944.0)	(26.0, 10628.0)	(27.0, 21746.0)	(28.0, 33846.0)	(29.0, 52319.0)	(30.0, 85066.0)	(31.0, 119238.0)	(32.0, 162452.0)	(33.0, 234368.0)	(34.0, 408372.0)	(35.0, 1540467.0)	(36.0, 4549795.0)	(37.0, 15497549.0)		
SC_409	(21.0, 3.0)	(22.0, 38.0)	(23.0, 498.0)	(24.0, 2703.0)	(25.0, 8356.0)	(26.0, 15458.0)	(27.0, 31281.0)	(28.0, 47393.0)	(29.0, 72827.0)	(30.0, 113976.0)	(31.0, 158646.0)	(32.0, 208864.0)	(33.0, 304441.0)	(34.0, 549740.0)	(35.0, 2459500.0)	(36.0, 5558718.0)	(37.0, 15136582.0)		
SC_410	(21.0, 12.0)	(22.0, 71.0)	(23.0, 774.0)	(24.0, 3722.0)	(25.0, 9814.0)	(26.0, 16470.0)	(27.0, 31682.0)	(28.0, 46765.0)	(29.0, 67759.0)	(30.0, 107589.0)	(31.0, 149888.0)	(32.0, 189271.0)	(33.0, 284065.0)	(34.0, 531368.0)	(35.0, 2649053.0)	(36.0, 4520751.0)	(37.0, 16859551.0)		
SC_413	(21.0, 3.0)	(22.0, 45.0)	(23.0, 668.0)	(24.0, 3851.0)	(25.0, 11677.0)	(26.0, 20894.0)	(27.0, 42282.0)	(28.0, 65301.0)	(29.0, 96559.0)	(30.0, 152881.0)	(31.0, 203086.0)	(32.0, 276615.0)	(33.0, 400177.0)	(34.0, 734642.0)	(35.0, 3291069.0)	(36.0, 7618260.0)	(37.0, 22106418.0)		
SC_414	(21.0, 8.0)	(22.0, 66.0)	(23.0, 784.0)	(24.0, 4273.0)	(25.0, 12105.0)	(26.0, 19714.0)	(27.0, 38688.0)	(28.0, 58007.0)	(29.0, 82680.0)	(30.0, 127839.0)	(31.0, 169039.0)	(32.0, 220144.0)	(33.0, 306849.0)	(34.0, 497899.0)	(35.0, 1634254.0)	(36.0, 5672585.0)	(37.0, 21840436.0)		
SC_417	(20.0, 1.0)	(21.0, 33.0)	(22.0, 169.0)	(23.0, 1037.0)	(24.0, 4425.0)	(25.0, 10952.0)	(26.0, 19815.0)	(27.0, 34976.0)	(28.0, 47426.0)	(29.0, 63546.0)	(30.0, 102079.0)	(31.0, 136518.0)	(32.0, 150405.0)	(33.0, 215009.0)	(34.0, 325091.0)	(35.0, 1059644.0)	(36.0, 3658816.0)	(37.0, 26807150.0)
SC_421	(21.0, 43.0)	(22.0, 246.0)	(23.0, 1181.0)	(24.0, 4557.0)	(25.0, 11920.0)	(26.0, 19548.0)	(27.0, 37999.0)	(28.0, 54245.0)	(29.0, 77523.0)	(30.0, 119341.0)	(31.0, 153220.0)	(32.0, 208317.0)	(33.0, 280898.0)	(34.0, 484125.0)	(35.0, 1532577.0)	(36.0, 5292080.0)	(37.0, 18119814.0)	
SC_428	(20.0, 2.0)	(21.0, 34.0)	(22.0, 162.0)	(23.0, 734.0)	(24.0, 2500.0)	(25.0, 7270.0)	(26.0, 14289.0)	(27.0, 27527.0)	(28.0, 40433.0)	(29.0, 61082.0)	(30.0, 92727.0)	(31.0, 120274.0)	(32.0, 154462.0)	(33.0, 213789.0)	(34.0, 341070.0)	(35.0, 2163122.0)	(36.0, 5716035.0)	(37.0, 21309081.0)
SC_429	(20.0, 1.0)	(21.0, 9.0)	(22.0, 71.0)	(23.0, 1010.0)	(24.0, 5812.0)	(25.0, 15412.0)	(26.0, 28333.0)	(27.0, 47255.0)	(28.0, 59810.0)	(29.0, 75968.0)	(30.0, 116773.0)	(31.0, 159105.0)	(32.0, 181859.0)	(33.0, 252150.0)	(34.0, 421804.0)	(35.0, 2027420.0)	(36.0, 3631573.0)	(37.0, 19388626.0)
SC_433	(21.0, 2.0)	(22.0, 58.0)	(23.0, 781.0)	(24.0, 4671.0)	(25.0, 12855.0)	(26.0, 23444.0)	(27.0, 39900.0)	(28.0, 51214.0)	(29.0, 65290.0)	(30.0, 99559.0)	(31.0, 133717.0)	(32.0, 152542.0)	(33.0, 212169.0)	(34.0, 348925.0)	(35.0, 1553760.0)	(36.0, 3414283.0)	(37.0, 16776812.0)	
SC_439	(21.0, 3.0)	(22.0, 46.0)	(23.0, 574.0)	(24.0, 3419.0)	(25.0, 10622.0)	(26.0, 19663.0)	(27.0, 36543.0)	(28.0, 51686.0)	(29.0, 71927.0)	(30.0, 113256.0)	(31.0, 148645.0)	(32.0, 183078.0)	(33.0, 241952.0)	(34.0, 344203.0)	(35.0, 995906.0)	(36.0, 4028589.0)	(37.0, 20669425.0)	
SC_443	(20.0, 1.0)	(21.0, 44.0)	(22.0, 205.0)	(23.0, 1316.0)	(24.0, 5067.0)	(25.0, 13007.0)	(26.0, 22635.0)	(27.0, 42892.0)	(28.0, 59531.0)	(29.0, 85167.0)	(30.0, 128174.0)	(31.0, 167326.0)	(32.0, 199720.0)	(33.0, 272660.0)	(34.0, 431979.0)	(35.0, 1445729.0)	(36.0, 4488829.0)	(37.0, 18395685.0)
SC_457	(20.0, 4.0)	(21.0, 42.0)	(22.0, 194.0)	(23.0, 1487.0)	(24.0, 5639.0)	(25.0, 14614.0)	(26.0, 23956.0)	(27.0, 46407.0)	(28.0, 65993.0)	(29.0, 89314.0)	(30.0, 137085.0)	(31.0, 175345.0)	(32.0, 211817.0)	(33.0, 289564.0)	(34.0, 429097.0)	(35.0, 1273467.0)	(36.0, 4159759.0)	(37.0, 21538349.0)
SC_458	(20.0, 1.0)	(21.0, 18.0)	(22.0, 131.0)	(23.0, 862.0)	(24.0, 3926.0)	(25.0, 9462.0)	(26.0, 18480.0)	(27.0, 35681.0)	(28.0, 51087.0)	(29.0, 78332.0)	(30.0, 119411.0)	(31.0, 170100.0)	(32.0, 207970.0)	(33.0, 294210.0)	(34.0, 501100.0)	(35.0, 1808510.0)	(36.0, 4391423.0)	(37.0, 17226864.0)
SC_459	(20.0, 1.0)	(21.0, 23.0)	(22.0, 168.0)	(23.0, 895.0)	(24.0, 4016.0)	(25.0, 9899.0)	(26.0, 17675.0)	(27.0, 33650.0)	(28.0, 47770.0)	(29.0, 68505.0)	(30.0, 106544.0)	(31.0, 147560.0)	(32.0, 178677.0)	(33.0, 268843.0)	(34.0, 528850.0)	(35.0, 3106591.0)	(36.0, 3696111.0)	(37.0, 13596832.0)
SC_460	(20.0, 1.0)	(21.0, 23.0)	(22.0, 123.0)	(23.0, 907.0)	(24.0, 3837.0)	(25.0, 9972.0)	(26.0, 18417.0)	(27.0, 35315.0)	(28.0, 51922.0)	(29.0, 73706.0)	(30.0, 116452.0)	(31.0, 156418.0)	(32.0, 187324.0)	(33.0, 277120.0)	(34.0, 501547.0)	(35.0, 2387575.0)	(36.0, 4306683.0)	(37.0, 16383675.0)
SC_461	(20.0, 5.0)	(21.0, 18.0)	(22.0, 171.0)	(23.0, 1019.0)	(24.0, 4015.0)	(25.0, 11124.0)	(26.0, 20387.0)	(27.0, 39632.0)	(28.0, 58639.0)	(29.0, 84627.0)	(30.0, 132555.0)	(31.0, 174473.0)	(32.0, 216618.0)	(33.0, 301758.0)	(34.0, 480723.0)	(35.0, 1598537.0)	(36.0, 4806775.0)	(37.0, 18686481.0)
SC_471	(20.0, 3.0)	(21.0, 26.0)	(22.0, 154.0)	(23.0, 1035.0)	(24.0, 4592.0)	(25.0, 11574.0)	(26.0, 21812.0)	(27.0, 41896.0)	(28.0, 60695.0)	(29.0, 87179.0)	(30.0, 134060.0)	(31.0, 181635.0)	(32.0, 215449.0)	(33.0, 309112.0)	(34.0, 496133.0)	(35.0, 1717583.0)	(36.0, 4672511.0)	(37.0, 19319360.0)
SC_472	(21.0, 7.0)	(22.0, 46.0)	(23.0, 743.0)	(24.0, 4205.0)	(25.0, 10921.0)	(26.0, 20499.0)	(27.0, 38552.0)	(28.0, 57017.0)	(29.0, 82518.0)	(30.0, 136134.0)	(31.0, 189581.0)	(32.0, 230614.0)	(33.0, 337510.0)	(34.0, 561492.0)	(35.0, 2123596.0)	(36.0, 4648309.0)	(37.0, 16320539.0)	
SC_473	(20.0, 2.0)	(21.0, 28.0)	(22.0, 215.0)	(23.0, 1717.0)	(24.0, 6531.0)	(25.0, 14075.0)	(26.0, 24212.0)	(27.0, 43080.0)	(28.0, 60246.0)	(29.0, 84638.0)	(30.0, 134293.0)	(31.0, 185855.0)	(32.0, 212492.0)	(33.0, 301305.0)	(34.0, 473859.0)	(35.0, 1485049.0)	(36.0, 3956081.0)	(37.0, 22979849.0)
SC_479	(20.0, 1.0)	(21.0, 37.0)	(22.0, 216.0)	(23.0, 1466.0)	(24.0, 5682.0)	(25.0, 14555.0)	(26.0, 24611.0)	(27.0, 45658.0)	(28.0, 63806.0)	(29.0, 89117.0)	(30.0, 139303.0)	(31.0, 183816.0)	(32.0, 225296.0)	(33.0, 322878.0)	(34.0, 556776.0)	(35.0, 2919026.0)	(36.0, 4982437.0)	(37.0, 19410759.0)
SC_484	(21.0, 13.0)	(22.0, 113.0)	(23.0, 649.0)	(24.0, 2902.0)	(25.0, 7463.0)	(26.0, 14566.0)	(27.0, 29676.0)	(28.0, 44265.0)	(29.0, 64047.0)	(30.0, 105609.0)	(31.0, 149774.0)	(32.0, 175930.0)	(33.0, 274909.0)	(34.0, 572552.0)	(35.0, 3232048.0)	(36.0, 3749547.0)	(37.0, 13966335.0)	
SC_485	(21.0, 5.0)	(22.0, 41.0)	(23.0, 413.0)	(24.0, 2347.0)	(25.0, 6010.0)	(26.0, 11897.0)	(27.0, 24480.0)	(28.0, 36664.0)	(29.0, 52884.0)	(30.0, 90896.0)	(31.0, 131960.0)	(32.0, 153191.0)	(33.0, 233989.0)	(34.0, 408273.0)	(35.0, 1458980.0)	(36.0, 3512959.0)	(37.0, 17915290.0)	
SC_486	(21.0, 8.0)	(22.0, 78.0)	(23.0, 556.0)	(24.0, 2702.0)	(25.0, 7497.0)	(26.0, 13755.0)	(27.0, 27198.0)	(28.0, 39698.0)	(29.0, 59612.0)	(30.0, 94841.0)	(31.0, 131218.0)	(32.0, 166798.0)	(33.0, 234851.0)	(34.0, 390717.0)	(35.0, 1226156.0)	(36.0, 3610277.0)	(37.0, 17835333.0)	
SC_487	(20.0, 1.0)	(21.0, 6.0)	(22.0, 60.0)	(23.0, 719.0)	(24.0, 3551.0)	(25.0, 9920.0)	(26.0, 18530.0)	(27.0, 38329.0)	(28.0, 57178.0)	(29.0, 84853.0)	(30.0, 138757.0)	(31.0, 194711.0)	(32.0, 235244.0)	(33.0, 341927.0)	(34.0, 559120.0)	(35.0, 2026344.0)	(36.0, 5541847.0)	(37.0, 23541752.0)
SC_488	(20.0, 3.0)	(21.0, 47.0)	(22.0, 223.0)	(23.0, 1065.0)	(24.0, 3551.0)	(25.0, 11174.0)	(26.0, 19083.0)	(27.0, 39697.0)	(28.0, 61121.0)	(29.0, 89821.0)	(30.0, 135045.0)	(31.0, 171032.0)	(32.0, 230591.0)	(33.0, 304062.0)	(34.0, 509287.0)	(35.0, 1833513.0)	(36.0, 6139391.0)	(37.0, 17902337.0)
SC_491	(21.0, 12.0)	(22.0, 78.0)	(23.0, 714.0)	(24.0, 3451.0)	(25.0, 9964.0)	(26.0, 17971.0)	(27.0, 35355.0)	(28.0, 51724.0)	(29.0, 75650.0)	(30.0, 123018.0)	(31.0, 167726.0)	(32.0, 216946.0)	(33.0, 317030.0)	(34.0, 563726.0)	(35.0, 2221495.0)	(36.0, 5688133.0)	(37.0, 20512953.0)	
SC_492	(20.0, 1.0)	(21.0, 11.0)	(22.0, 65.0)	(23.0, 646.0)	(24.0, 3066.0)	(25.0, 8305.0)	(26.0, 15027.0)	(27.0, 29511.0)	(28.0, 42130.0)	(29.0, 64679.0)	(30.0, 102167.0)	(31.0, 146087.0)	(32.0, 188478.0)	(33.0, 280465.0)	(34.0, 571201.0)	(35.0, 2470762.0)	(36.0, 4758787.0)	(37.0, 17220787.0)
SC_496	(21.0, 11.0)	(22.0, 76.0)	(23.0, 612.0)	(24.0, 2986.0)	(25.0, 8366.0)	(26.0, 15463.0)	(27.0, 31162.0)	(28.0, 47137.0)	(29.0, 70136.0)	(30.0, 116077.0)	(31.0, 163009.0)	(32.0, 211344.0)	(33.0, 311489.0)	(34.0, 540808.0)	(35.0, 1808128.0)	(36.0, 5515269.0)	(37.0, 21022659.0)	
SC_497	(21.0, 3.0)	(22.0, 73.0)	(23.0, 1185.0)	(24.0, 6368.0)	(25.0, 15119.0)	(26.0, 26042.0)	(27.0, 47370.0)	(28.0, 63703.0)	(29.0, 86044.0)	(30.0, 135059.0)	(31.0, 184545.0)	(32.0, 216148.0)	(33.0, 326204.0)	(34.0, 590973.0)	(35.0, 2268325.0)	(36.0, 4907771.0)	(37.0, 18233820.0)	
SC_498	(21.0, 2.0)	(22.0, 100.0)	(23.0, 1909.0)	(24.0, 8798.0)	(25.0, 18929.0)	(26.0, 29887.0)	(27.0, 50033.0)	(28.0, 63711.0)	(29.0, 85875.0)	(30.0, 128511.0)	(31.0, 172579.0)	(32.0, 202636.0)	(33.0, 294550.0)	(34.0, 538538.0)	(35.0, 2077469.0)	(36.0, 4056734.0)	(37.0, 18346670.0)	
